THE GRINNELL SCARLET AND BLACK

9999999999999999999999999999999999999999999999
9:99:99z99z99z99z99:99:99z99:99:99:“:99:«:99:99:99:99:99:99:99.99.99.99.99.99.99.99.99.99.99.99.99.99.99.99.99.99.99.99.99.99.99.99.99.99.99.99.».99.99.99.N.99.99.99.99.99.99.99.99.99.99.99.99.99..9
‘ 99

.
g:
t
t

9
9

x
x
x
z
‘ z

9
99.99

9
9

9
9

9
9

999
999

999

.99.99.9999

9
9

9

9
9
99.99 99

9
9

9
9

9
99
.99

9999:999999

9

9
9

9
9

99
9

9

9
9

99

9

9
9

9

99

9
9

9
99.99

9

9
9

9

Colonial Theater

99
9
9
.99

9
9

9
9

9
9

9
9

9
9

9
9

9
9

9

999999999999

9

Next Big Attraction

9
9

9
9”9
9

9
9

9~99999.9999999999

9

9.9
9
9

9
9

9

99.9
9
9

9
9

9 9
99.99.99

9
9

9

999999

9

9
9

99
9
.99

9

‘ Friday Evening, 'April 1-9th- .

99

9

99.99.

9 9
99.99

9 9
9"9 9
O O
.69...‘

9
.99

9

A
9

.99

Orestomathia and Ellis Literary Societies
Will Present

9
.99

9 9

.99

9999999999$9999999999‘99
9

9

9

99

9
9

9999
9999
999
99.99.99.99

9
9

9
9999.9999

9

9
9

6990

00'
0'09.

999_

99.99 99

9

”

99

9
9

9

9
9

9
9

9
9

9
.99

9
9

.,.
9

9

9

9
9

9
9

9
9

“His Majesty Bunker Bean

A Tale of Youth, Love and Adventure

9
9

9

9
””“”:””””“

9
9”9

9

99999999999999»

9

9
9

9
9

9
9

9
9

9
,

9

9
99.99.99 99

9
9

9

Farcical and clever

9
9

9
9

9
9

9

9
999999399999

9
9

9999999z99999999
9

9

9
9

9
9

9
9

9
9

9
9

9
9

9

9
9

9

9
99 99‘99 99
9

9

9
99.99 9

9
9

Directed by Professor J. P. Ryan
Book by Lee Wilson Dodd Dramatizcd by Harry Wllson

9
9
9

9
9“9

9

99:99:96»

9

9
9 9
99.9999

9

9
6

9

9
9

99:99:99‘99z99‘99
O
N.”.“.«.”’.

9

9
:“9
9

Prices, 50, 75c, $1.00 plus war tax

M"
9 9 9
9”9

9

9 9
99.99 99
9

9
9

99
99
99

9
99.99.99

9

9
.99.».«.99.99.99

9

9
9

Address Mail Orders to Harry A. Grant, Bus. Mgr. Box 145

9

9
9

9
9

9

9

WW

9

9
.9Q99
9
99 9-9 99.99.99 99 99

9
9
9

9
9

9 9
’99.”.9999
9 9
9

9&9 9

9

99999999999999999999999999999999999999
9.4.6,.z”:”:”:..:..z”:9.:99z99z99299z99z99:»:»:»:«:«:N:99:99:99:N:“§9.“¢”~”9”9“9“9”9”9”9”9”9”9”9”9“9”9”9“9”9“9”9”9”9”9”9”9“9”9”9”.“9”.”.”.N.N.
9

9

9

’:

 

